4.685715162300280873e-03
8.481079563394488055e-03
5.152918102697854816e-03
4.902321070712702469e-03
4.883547655871077302e-03
4.006484041666295674e-03
9.884791147747287905e-04
2.954788800843949174e-03
1.573884198158351710e-03
7.592014170644361716e-03
3.560825455932194010e-03
2.207287843732270733e-03
3.148628446366623455e-03
2.437230579780965290e-03
2.067233703754235360e-03
7.432169850174061764e-04
7.644768433615154769e-03
7.193500177947590932e-03
2.123913486617757217e-03
2.798516655957769897e-03
2.001883616224861377e-03
3.875437636261937040e-03
6.666610731340983330e-03
2.049609426111976846e-03
2.206302903800287912e-03
3.859238274790518543e-03
3.045042753793892297e-03
3.233103993637992824e-03
4.597292300902419519e-03
2.321290884411393238e-03
4.425643926290206802e-03
3.252006411645105149e-03
4.552228191146932661e-03
3.152811007607426996e-03
1.663018215602746208e-03
2.915303613451391412e-03
4.795163937385895324e-03
2.475712662310668687e-03
2.829527450486048288e-03
1.580936490595999172e-03
1.568823698588986794e-03
3.020601499152507016e-03
1.666771212228981619e-03
4.249506822225331340e-03
1.206284110156199659e-03
2.439246014659427267e-03
1.852771178767715276e-03
3.378519218672336715e-03
1.263514834249116446e-02
2.849576237807870550e-03
3.700155720205070605e-03
7.542568802528468522e-03
9.503969452299435017e-03
5.808783322173651995e-03
2.532073251928180276e-03
3.231563419608732540e-03
1.701307208571307570e-03
2.884443085634468256e-03
7.344798670522951003e-03
3.649650374650593044e-03
5.165140938812707617e-03
3.404919405681196276e-03
3.188613293627290315e-03
3.425972470663817600e-03
8.084334468745299832e-03
1.278324817829954753e-02
1.831882358858977645e-03
3.586726109794838736e-03
5.277244248159988597e-03
1.732753727917974882e-03
2.286940106239683176e-02
4.287509613325365433e-03
2.708806522666204388e-03
3.384562341990536398e-03
3.055314448399746100e-03
6.513277929276627479e-03
3.682626862311697349e-03
6.860622662810944399e-03
3.309336671663782713e-03
3.451228123677903617e-03
2.854051590374736321e-03
5.917724979385503327e-03
1.765520521068895520e-03
5.229710628790799854e-04
2.820026665360273604e-03
5.137490710579048492e-03
2.778920380297159910e-03
9.043152031675072769e-03
4.681467769628541373e-03
5.919559513019671468e-03
2.967725985844364093e-03
7.119228881415795400e-03
7.785661821542314356e-03
8.035796073189757638e-03
4.863861527538972281e-03
1.260626269003105315e-02
8.063815095278210887e-03
6.302682453667480741e-03
2.347350293843758137e-03
4.037450754284972743e-03
4.150868970781899578e-03
5.126159456040011234e-03
9.169653907272800122e-03
5.147460784142767615e-03
3.688659034825077232e-03
5.937294542525093505e-03
5.890988814917145697e-03
5.683738668936264699e-03
7.416990147305839443e-03
1.163213123769191518e-02
1.082625580711687498e-02
5.653822011653377236e-03
7.492705190347809241e-03
5.263363375928958171e-03
3.329736977573819010e-03
9.811271559191113434e-03
9.941798271992199551e-03
1.224701849056321042e-03
4.136495281678325212e-03
9.553315451165500516e-03
3.886502474215856699e-03
1.898741982897174472e-03
2.210554229992521547e-03
6.742093142172947244e-03
5.642483072715475355e-03
5.535518858192734447e-03
7.477543657406706019e-03
5.220694704483521548e-03
8.153806187426709123e-03
9.633932177017879087e-03
7.073243962651858292e-03
2.028074353135202006e-03
4.044329760318784647e-03
4.151919257954200110e-03
7.301418734334674289e-03
5.230416485014960370e-03
8.220766067103887562e-03
5.775202618077914483e-03
2.643657897290929270e-03
4.346319119176328058e-03
9.130225708008771895e-03
5.260527810002094129e-03
6.959563451869606177e-03
7.776413297278754813e-03
5.821470739069939393e-03
8.236253660283139599e-03
5.120176859780913720e-03
1.075968214978172480e-02
4.022382931319299151e-03
5.161680182920218990e-03
2.676744109980206364e-03
2.149697193873422851e-03
3.686787650281246349e-03
7.524474640147140771e-03
2.181384643155575859e-03
4.036292132683859911e-03
3.361242662314623680e-03
4.687227464182593811e-03
4.569229019855785591e-03
2.998351406951284097e-03
6.654428767464993242e-04
1.609251458414080477e-03
1.270662075270282939e-03
4.149466810653109836e-03
1.547360779928261092e-03
7.989868833661890185e-03
3.332699950459547169e-03
4.373845692361582466e-03
8.302114144469172063e-03
9.730170596102127520e-03
8.215302374144447042e-03
1.321992486239883125e-03
6.620816591263052261e-03
1.609036030918005239e-03
2.710755939846096804e-03
3.861467337152026287e-03
8.622814877208720072e-03
4.730254810912665718e-03
3.326561502927295310e-03
2.902508775122477746e-03
2.253592429631153145e-03
8.747056145124000939e-03
8.547842541254509902e-03
5.382731068780849046e-03
1.797820551358008615e-03
2.954870637411090989e-03
4.366701518478478643e-03
3.298213419046265062e-03
9.371250333395723595e-03
2.407195705036822321e-03
3.760354627837832545e-03
1.114002082918060313e-02
4.804019819635156271e-03
5.930420288257153873e-03
1.041083857078732751e-02
4.415314453667903635e-03
2.691816840491284297e-03
8.858291646754407750e-03
4.227870846742605611e-03
1.673801492116036441e-03
3.205745635207160171e-03
2.403751672073033054e-03
2.529374621387442054e-02
1.075108836576705792e-02
3.131210246983249547e-03
5.897971925491302635e-03
6.917580387460077473e-03
3.662131402590197617e-03
5.133237731067633210e-03
3.435888315511085797e-03
4.649145625156513723e-03
1.478820431001494741e-03
7.861450662743602047e-03
3.459468727239726604e-03
4.681749506588535684e-03
2.256637375734886052e-03
4.596548113112145298e-03
8.237573727734778459e-03
3.850857288254070851e-03
2.432911225586137718e-03
6.657925880996571136e-03
1.894180861644021623e-03
6.323567759498983226e-03
4.212710915175021421e-03
1.402328069070947090e-03
1.593536992323392075e-03
1.192345011887758393e-03
3.490733253517215237e-03
4.062175104988398518e-03
2.437871772627028637e-03
1.453538644232161420e-02
1.470568611433162570e-03
5.906372841565202952e-03
3.133305016178504140e-03
6.029746365357805532e-03
8.096035719953782045e-03
1.751692310189231078e-03
1.807939316477881388e-03
2.489409216056228617e-03
3.371219603620445246e-03
6.834250115681971861e-03
6.865309561996783307e-03
7.723298223503644380e-03
1.129850455415617278e-03
3.182667326041939242e-03
2.603678787960000962e-03
1.692498395595125197e-03
3.460700866398690352e-03
1.885115205323966217e-02
3.030514265464954483e-03
5.187586354404635954e-03
4.664091389600286477e-03
4.648321895545720443e-03
5.502676342183832232e-03
3.781147489301872350e-03
4.110492234146459478e-03
4.128761162062149180e-03
8.934169719063122031e-03
1.218351189819468633e-02
3.506186305868321234e-03
2.633083235715413806e-03
6.314943810366437094e-03
1.694426271731542177e-03
3.196266241878687343e-03
6.456794675640390932e-03
2.354196228820956346e-03
3.404080168333852366e-03
9.201057934047279091e-03
9.126924256116704035e-03
5.199739145481448166e-03
1.307528524972066675e-02
3.843168218468111328e-03
2.029574432545825681e-03
1.596856298785659422e-03
4.296056306498471922e-03
5.325241872140339637e-03
6.835344587455094260e-03
2.529170717912565623e-03
6.187214385806210672e-03
5.827302615809471474e-03
2.479154339580764890e-03
4.091144432861251734e-03
3.034960490421476174e-03
7.887004481663869790e-03
8.969925697021277622e-03
2.640439728574658137e-03
9.513315650208303484e-03
3.567072979086694656e-03
9.189692719042207025e-03
6.745419293295637671e-03
2.333521436563009126e-03
1.641611205656326022e-03
6.344627836925754646e-03
2.556795949558150587e-03
2.581207690596009924e-03
4.401140758304120451e-03
1.283677336274423233e-03
5.306336573149736911e-03
2.854948427788738842e-03
5.381386226190417246e-03
3.075254333182694030e-03
1.846726694317688119e-03
8.594581844569081780e-03
1.005450355403367723e-03
5.007506001269826368e-03
3.106371658536598215e-03
9.196955615460001253e-04
2.963822365146352028e-03
2.866350527072138252e-03
2.233850419654506356e-03
6.646735783815303431e-03
4.086036211042931750e-03
8.121144785803037502e-03
1.165951763496352565e-02
5.838231541886604314e-03
1.985510530889149708e-03
4.936966823694171995e-03
5.040572341431743229e-03
9.260632006696814522e-03
4.791699717372512914e-03
2.830191320576185953e-03
1.021007986624384266e-02
5.076754018663979379e-03
3.174612168577770500e-03
1.310607336632411274e-02
6.876806771581274631e-03
5.295604476727978037e-03
1.478605956310593238e-02
2.029217785541587334e-03
5.994107436526394279e-03
4.807173863966786656e-03
2.071464916632266909e-03
2.402347209608030141e-03
5.252044763833224952e-03
4.505845936522659412e-03
1.082870107588517622e-02
4.230878897043756533e-03
2.264795284455512620e-02
1.012195023825766295e-02
6.297297605755410553e-03
6.295597826874746623e-03
2.409883674435047991e-03
4.512411727072255727e-03
8.134486046051320543e-03
5.659635741555196255e-03
4.218919956739018533e-03
3.463777371148454767e-03
5.668482844791346981e-03
5.037037746550238580e-03
4.411780193872075206e-03
6.413945232822852033e-03
1.295071983781060677e-02
1.759445032896439498e-02
1.251039590685725823e-02
5.534561058979780603e-03
6.093667172541438262e-03
1.680541852716821872e-03
1.041151490299897266e-02
1.115852812586314545e-02
7.097378250327666255e-03
5.886452211138587000e-03
1.930527180527174830e-03
7.709428319017433071e-03
1.147257557649802862e-02
3.414033443936780043e-03
5.787244038537191215e-03
3.272611983466039865e-03
4.718517851322720849e-03
6.287817635395262679e-03
2.577553801129812885e-03
3.738661323125864501e-03
1.022629727447535311e-03
8.167944903474519056e-03
8.433984603397516253e-03
7.433146443722015578e-03
6.668900347792230954e-03
1.270669580767839861e-02
7.572574574709652583e-03
7.656444950125303184e-03
5.400253542611237016e-03
5.214302508181953635e-03
1.204630133905449166e-02
7.220396900483603934e-03
4.728982363586825208e-03
9.154570667485602276e-03
3.329864834975383627e-03
9.159411639886393119e-03
4.826215775428106293e-03
5.923771756057032503e-03
2.815303733638062529e-03
7.105049023618781844e-03
2.829816814172634448e-03
2.774822733145046547e-03
2.604072734915845871e-03
4.111616290572763996e-03
2.793495832734735774e-03
8.716888794643976382e-03
4.629015010904655864e-03
5.032500668099640362e-03
2.652065161449381099e-03
2.899383367060434733e-03
4.409966993501409152e-03
3.975274179586586916e-03
1.327929470755713146e-02
2.275393613698313208e-03
7.478660970816501663e-03
7.844164662020317730e-03
4.664374109696401913e-03
2.474589072174937163e-03
4.022724888539241407e-03
3.130433992037758104e-03
5.794741469680052617e-03
5.603334551627326895e-03
2.312552530246625090e-03
4.209890417422951225e-03
6.177178001079005991e-03
7.499983646346898743e-03
4.151407182383393298e-03
4.843030149917063910e-03
9.452413151954221562e-04
5.631898938907828854e-03
3.234283171853266116e-03
6.085811130618827385e-03
7.762240821009086349e-03
2.867004633097761102e-03
5.939464943372530469e-03
3.295397804730189860e-03
1.231226774534707052e-02
3.233738899086874719e-03
5.290179310835966230e-03
2.522190727107611642e-03
3.442441248049792589e-03
6.037416380336794487e-03
6.397434706629418627e-03
1.688670130025133210e-03
1.179084206424527810e-03
5.332851300617626709e-03
2.739226388345802985e-03
3.489950188488994288e-03
8.068271220302989516e-03
2.460307958799575877e-03
5.155797130678639942e-03
5.191210978872499472e-03
2.561788350158965364e-03
4.380552351550249211e-03
9.694025206444878764e-03
2.835344691897441309e-03
6.465954545202092993e-03
3.319976576887580331e-03
4.762013073635712815e-03
1.024522801319923716e-02
6.298155294471352410e-03
8.507520709445723708e-03
3.040028220110561896e-03
1.839122936648271639e-03
3.220802787599779705e-03
7.949051484284258909e-03
1.791209431067421545e-03
