6.034343726412587472e+01
5.417513663903952192e+01
5.303320210565994586e+01
5.061867863333125683e+01
6.560729566376897992e+01
6.465270564663553898e+01
5.466245567516261872e+01
5.229205976671530465e+01
5.335701941552362371e+01
6.396017866833701504e+01
4.486477306118021602e+01
6.324659688953705228e+01
5.738911098193011640e+01
5.399714773548961944e+01
5.223115906674793507e+01
4.689147006753552205e+01
5.596643044500429198e+01
5.930893639626524561e+01
5.657303356379385662e+01
5.477596062624225226e+01
5.304075796145063748e+01
5.203041482653152627e+01
4.994258812970707595e+01
4.945896211263558229e+01
4.851562553016656665e+01
6.192637715193083636e+01
6.382467096130755380e+01
5.914057628897057128e+01
5.874881998601260591e+01
5.933357926446986141e+01
6.174793075179627522e+01
5.795753424284338706e+01
5.740624473582974474e+01
5.854133790813745719e+01
5.598022187698905583e+01
5.209702432246864845e+01
4.903335526406220168e+01
5.004472968916345366e+01
4.851636449213847158e+01
4.807739094518883860e+01
4.449156246711048368e+01
4.491518247350317949e+01
4.605554212575566453e+01
4.904969812185370870e+01
4.745411218954016874e+01
4.582227746034041616e+01
3.683667184910109427e+01
3.814199163987819219e+01
5.226147171119852430e+01
4.562171568623323026e+01
5.690844167298379830e+01
6.239578864175745565e+01
5.632960180361026659e+01
4.404261440141674910e+01
5.185660601809473746e+01
4.640319428381108224e+01
4.861006042493582413e+01
4.302698024075846206e+01
4.332699444207338502e+01
4.240309905433671389e+01
4.071533350119955941e+01
4.167801267949554500e+01
6.194740156591759472e+01
6.359910300264294847e+01
5.907732787374644090e+01
5.787534500672582283e+01
5.673744255523965307e+01
5.755847115802548331e+01
5.012109303997109322e+01
5.498126177417206151e+01
5.085055054554656806e+01
5.425766430237734994e+01
5.375383907926192251e+01
5.090019771383863656e+01
5.995308614843828821e+01
5.523798536653927016e+01
5.646147587244965393e+01
5.406451606931660336e+01
5.894165488346853721e+01
5.769647929379969753e+01
5.508124125321992892e+01
5.016473377328383521e+01
5.583219731413026921e+01
5.455560971439284401e+01
5.298963867605152700e+01
5.584294240181104385e+01
6.418666114326197203e+01
5.688379763347995066e+01
5.527943124647252660e+01
4.761340341486303629e+01
5.991062828182786859e+01
5.578302037445763517e+01
5.964157293809765292e+01
5.269072343989232365e+01
5.067198696101056044e+01
5.407709485171278629e+01
6.052340856948175229e+01
5.556117691579707696e+01
5.240318240880260703e+01
5.210746751193374848e+01
5.457261595556327904e+01
5.210924318481696105e+01
5.568594499002376352e+01
4.370067577205429643e+01
5.768284038441197481e+01
4.945539336579760459e+01
5.102127029858753104e+01
5.352336525503086762e+01
4.338752617930428812e+01
6.124136136385358498e+01
5.957434740253350469e+01
5.615033608372665697e+01
5.636849655004305504e+01
5.117104579364229267e+01
5.225164583465129908e+01
5.790913970450017700e+01
5.733730648963467047e+01
4.842706853068369099e+01
5.614982017471894693e+01
5.415240066682120101e+01
5.679184298549729704e+01
5.462858531643556859e+01
5.502754330614344980e+01
5.241339757342524308e+01
6.012356625813364985e+01
5.445037759028949154e+01
5.517950538377513681e+01
5.195546677670802183e+01
5.849836288243857041e+01
5.414961550186044548e+01
4.263461476335286449e+01
5.732552240299929025e+01
5.553101367864301352e+01
5.341967180481522348e+01
6.025627954366645156e+01
5.470059164124046447e+01
5.371693440968694233e+01
5.676775594842602146e+01
5.660988540016169424e+01
4.603131271690548942e+01
5.646200637680059486e+01
5.124084290566750610e+01
5.641601218043922472e+01
5.427980319959789313e+01
6.172039306059436825e+01
5.615188703185634722e+01
5.466356267484358966e+01
5.204123661081635532e+01
5.424645731029742279e+01
5.651867870499968660e+01
5.263383796439819662e+01
5.342966325425141605e+01
5.167445563117718876e+01
5.071378607353830148e+01
5.060274400006404250e+01
4.856578675713839033e+01
5.148891125917882761e+01
5.005312426292708494e+01
5.816246342257592516e+01
5.826655909144742651e+01
5.641559173154337259e+01
5.295516821237584537e+01
5.497771269039265007e+01
5.100516257536524733e+01
5.768915611357897433e+01
6.153218861551368235e+01
5.929076792560734077e+01
5.729534870317693418e+01
5.282351274463270840e+01
5.512185544264118420e+01
5.594157074155037890e+01
5.966578382565618455e+01
5.943277968860505212e+01
4.350775381557494370e+01
4.123918593947956879e+01
4.028996402294797008e+01
5.985946729266898103e+01
5.456154173015524833e+01
5.109644601699969968e+01
4.972036151086362565e+01
4.811691818211136962e+01
5.193182253384924962e+01
6.739559011897762275e+01
5.545723333738033034e+01
5.036281770909778999e+01
4.599387265113321632e+01
5.660755693465654304e+01
5.549264786648861048e+01
6.193453669807218631e+01
4.751203379282079453e+01
5.642653423912638289e+01
5.767911620417400087e+01
5.499066165369023196e+01
5.280810956613471063e+01
5.919744076564670365e+01
5.671099251364661598e+01
5.338683064556239799e+01
5.210245724474894757e+01
4.913811281392456465e+01
5.499394860745936597e+01
5.808269188647294357e+01
5.302394227771352320e+01
5.867261865507074958e+01
5.772052518612370875e+01
4.695344507924836819e+01
5.367085172732993215e+01
5.733759326264207346e+01
5.936597371623690833e+01
5.638878189301689758e+01
5.040327455402655943e+01
5.403396248052255402e+01
5.001203351821354914e+01
5.229176510767187125e+01
5.888312700440214797e+01
5.710778336912880349e+01
5.618515002552431525e+01
5.805673234023065277e+01
5.874728871984359557e+01
5.905369546570365458e+01
5.363185142646810277e+01
5.418783636596871389e+01
5.327638433008782215e+01
4.898349992540681797e+01
4.644443757118563099e+01
4.582883338459661360e+01
4.404579280695487142e+01
4.092474505521697381e+01
4.005312445035683311e+01
5.742078777742075602e+01
5.420112650713524260e+01
5.645593897177371900e+01
5.586961622045754439e+01
5.559802919219389139e+01
5.665323402603032577e+01
6.066799424093147763e+01
5.790379831213727613e+01
6.108733590143567938e+01
4.536721006180495408e+01
5.903572726879821175e+01
5.924207901607554305e+01
5.602008244353346100e+01
6.263931396560604981e+01
6.114148131173278244e+01
6.041445163346480030e+01
6.117240784310344281e+01
4.795793376235842231e+01
4.625088207724017053e+01
4.558508022977063945e+01
3.975477597579734379e+01
5.086302770236875403e+01
4.531073989793736700e+01
5.430471055894487620e+01
4.568031422682871323e+01
5.457119422515563656e+01
4.883174680700398085e+01
4.700753858780206684e+01
4.529823621371885878e+01
5.510331035132180233e+01
5.947098960259405942e+01
5.273134060239796383e+01
5.622623269517063704e+01
5.057668509118670386e+01
5.519176761855095492e+01
5.422624209409386253e+01
5.358636772017577243e+01
4.866204973660509836e+01
5.427566635005855744e+01
5.411069952592534804e+01
6.141520976844382318e+01
5.908821005522278114e+01
5.701683784192138660e+01
5.602919240799919720e+01
5.283707924701774061e+01
4.693450823105381886e+01
4.446346098298659655e+01
4.060605910704450139e+01
6.037655478517820740e+01
4.429974673695989651e+01
4.708557269370670895e+01
5.897284255333174485e+01
5.420715712948302212e+01
4.870147931685720266e+01
5.083380732554336134e+01
5.493180538460354967e+01
5.298002957177371997e+01
4.555354700552946667e+01
5.298351810236016490e+01
5.408363721462144724e+01
4.928822609223710316e+01
5.593824502839478896e+01
5.240535450563621822e+01
5.138818410852494623e+01
5.884770476586195542e+01
5.732821487740712030e+01
5.479581356199867770e+01
5.938452357194393727e+01
5.265963390692063228e+01
4.435219452047799393e+01
4.741261311237535381e+01
5.229204738023656773e+01
5.431678164288657484e+01
5.294473858353234164e+01
5.906299398297581149e+01
5.204954455036980931e+01
5.840198719703746377e+01
4.886531223676338698e+01
3.960126614007950963e+01
3.552983736198614650e+01
5.364648886347654866e+01
4.501773750845167399e+01
4.501998453244268461e+01
4.983573257814099122e+01
5.118649073345831368e+01
5.542857624683942674e+01
5.265751109958772247e+01
4.561304695979403334e+01
5.580645890366596262e+01
5.497646208693970493e+01
5.495333987770763429e+01
5.562064087037220617e+01
5.063591302599589028e+01
5.448078922041101890e+01
5.332357822159876548e+01
5.488364446227971172e+01
5.673585218251695039e+01
5.308447251620140150e+01
4.709116945297412116e+01
5.669045197300075500e+01
5.405902819068757026e+01
5.491797480418519228e+01
5.071222025845329284e+01
5.709714284819298769e+01
5.402655547750003961e+01
5.072664526719754718e+01
5.411406259139116059e+01
5.997906287158751582e+01
5.591956261566775765e+01
5.700781368531910687e+01
5.481068612866529577e+01
5.436150479759422183e+01
5.874028406239837352e+01
5.423311023492446736e+01
5.343911656886631079e+01
4.930254031796807368e+01
5.304867959157560620e+01
4.733833802474107699e+01
4.791726325513360507e+01
4.846355627266434851e+01
5.561745421359658792e+01
5.416681666148105734e+01
6.174581276387918649e+01
5.669163581811424990e+01
5.537694625432251883e+01
5.788005733883231585e+01
5.690840546650890985e+01
5.089232849683197912e+01
5.281299561447539759e+01
5.413220830897798663e+01
5.220667029096132694e+01
5.121213494549469658e+01
5.701023784213825252e+01
5.398007849401088976e+01
5.660052707423239582e+01
6.062092007526266713e+01
5.553269114880075108e+01
4.970894853872468389e+01
5.312983958334283585e+01
5.691001340665146557e+01
6.209256348994395580e+01
5.662474925983417506e+01
5.046700957236532759e+01
6.353547136282766417e+01
5.618890621730680834e+01
5.420267995111763071e+01
5.537667959792104710e+01
5.769816461500303006e+01
5.719759542620086279e+01
5.666829334997562739e+01
5.925652099140490492e+01
5.746188939054740530e+01
5.676848357292409730e+01
5.954061136122040665e+01
5.405777617741633634e+01
5.224958450085115658e+01
4.754277468286844055e+01
5.041720738607024543e+01
5.375814553291713338e+01
5.626303595721424244e+01
5.156078389362100012e+01
5.615402803626098915e+01
5.556914210352982764e+01
5.613472736145715913e+01
5.359123793275426806e+01
5.479698808558882916e+01
5.049507401382764726e+01
4.600108685424917354e+01
5.162663167029941746e+01
3.970756533764477325e+01
5.796195236230178693e+01
4.590271733203825733e+01
5.450418274133080132e+01
5.502892391695196750e+01
5.341023188517462472e+01
5.431113887905581805e+01
5.644509237631244503e+01
5.513838348183280402e+01
5.809092036343719911e+01
5.295797368423600915e+01
5.509973181724836166e+01
5.201787279000932784e+01
5.455145825780167002e+01
6.297995422237340080e+01
5.587742598124334847e+01
5.477376861028609767e+01
5.173937504219873063e+01
5.392048362874050582e+01
5.458197356829157343e+01
5.434201095651836511e+01
5.076327504229556098e+01
5.401832072105287352e+01
5.578298314924956713e+01
5.546486072115930455e+01
5.147771146010475007e+01
5.839346105711658197e+01
5.813968513206577882e+01
4.728169288422273553e+01
5.562097356766548728e+01
4.718350624824805095e+01
5.683670912925981611e+01
5.456876712902402460e+01
5.335889721912089101e+01
5.197038299590366250e+01
5.937957891347028294e+01
5.916303819875659542e+01
5.449014659920982240e+01
4.864909913682373599e+01
4.359832149650202382e+01
4.845649845571544745e+01
4.620958452416817153e+01
5.064288450009713927e+01
4.547796845414283240e+01
5.447335008657613287e+01
5.853652575749842413e+01
5.414793927300878096e+01
5.397570981749172603e+01
6.613294137699308806e+01
5.303112424647033407e+01
5.864471711919216546e+01
4.951592790456103899e+01
4.888623439443477281e+01
4.023175535968617567e+01
5.348794235781910089e+01
5.751126270318568601e+01
4.301662324998262221e+01
5.095893884308826927e+01
4.974382338403979986e+01
4.598342210862843160e+01
4.581564416886006086e+01
