2.339348595524533281e-02
6.001963793621111626e-02
3.318439218939835123e-02
3.047276935628916855e-02
3.925195121566954493e-02
4.795043035740112480e-02
2.354535736157054721e-02
3.550817677561699665e-02
3.392930324835800870e-02
1.442548011549247416e-02
2.331225185608448366e-02
1.280199383743669747e-02
4.414744838287426587e-02
2.922154990361455068e-02
3.907640639050272147e-02
3.284269740194921405e-02
3.319948484001039590e-02
3.203014413978178682e-02
3.517678292188512745e-02
3.346062145177645247e-02
3.768044212556417166e-02
3.847275800784834277e-02
4.409278268678630541e-02
2.839167660401285820e-02
2.252867044756782719e-02
2.635702279828929656e-02
2.431905075869979227e-02
3.216911517517629521e-02
3.543013519273426754e-02
3.172225216239204365e-02
2.602814399977725415e-02
3.645863667165163968e-02
2.362987880544498848e-02
4.402028182304969228e-02
4.097725166839864819e-02
3.738605740539060335e-02
2.345143655831673224e-02
3.527635461944097356e-02
3.255593904172817549e-02
3.850144970528845273e-02
2.828692247248112621e-02
2.835906511703087732e-02
2.358040681726978477e-02
4.411035862103915295e-02
3.120912101584337461e-02
3.173260291358705187e-02
3.143669135164355033e-02
2.591636932814337518e-02
2.341516193397489426e-02
2.884608337274552348e-02
2.559462286113920945e-02
3.186068543592950747e-02
3.612001572403764071e-02
2.690514595463074435e-02
3.243643110844453975e-02
4.744215295475039812e-02
3.190170294732713741e-02
5.084086770725307347e-02
2.889392839436473806e-02
3.070295253334519997e-02
1.349932895689410876e-02
2.454802869116045130e-02
2.969812522824502588e-02
3.959586902355356763e-02
3.520689911719370596e-02
5.530836020481105092e-02
3.316640152890860255e-02
3.714247330240231376e-02
4.507104957508227538e-02
2.963794234786474094e-02
3.569568348984328982e-02
2.858116417001981338e-02
2.871334157572377754e-02
4.394934378342358477e-02
2.990304506329558715e-02
2.842494946651057119e-02
3.924431778595637021e-02
2.588433178413625246e-02
3.985567399079506523e-02
3.052656140401937071e-02
3.560946166271073549e-02
3.952969858803011965e-02
3.491525235764925822e-02
3.279218160964792600e-02
3.489806485944620812e-02
1.606109278929708853e-02
3.007344621563598150e-02
4.280011020003085531e-02
3.700075493826662787e-02
3.703353178656212941e-02
1.874191290569116736e-02
3.785286508643134762e-02
4.174976166946488959e-02
3.216621736459528841e-02
2.395026618373955613e-02
3.243548384031492982e-02
3.026664322096880508e-02
4.720665393155978190e-02
2.235862184343203815e-02
3.490976280466120268e-02
3.244372861357736060e-02
3.402053135861840549e-02
6.686035158237262077e-02
3.649702590030688004e-02
2.125857474256401258e-02
3.277588535371726147e-02
4.550301874172086453e-02
3.547375232872376771e-02
3.031652904089304768e-02
3.749965260573698278e-02
3.288734022611539132e-02
3.431369705425420247e-02
5.592542361970084114e-02
4.788842266398212616e-02
3.038236979139799857e-02
1.260256286544458176e-02
3.690963654872995992e-02
2.887006682044596095e-02
3.226590424007107216e-02
2.409782127506370289e-02
3.581351817080503236e-02
2.523248728061727036e-02
4.884122428519313552e-02
3.885636242236167881e-02
2.420113424597726201e-02
2.288843338160618732e-02
4.622171975716071746e-02
3.470327233162548430e-02
2.704989337502633484e-02
5.248595773155614180e-02
2.305752554864642923e-02
3.843422497440050767e-02
4.398116997143764612e-02
3.268816345045642835e-02
9.630556484537472831e-03
4.566255725104265834e-02
4.867235395353968624e-02
1.776728894709435347e-02
5.110576896394468382e-02
2.475853327344700386e-02
4.628917383190538776e-02
3.934929587530806155e-02
2.737745388836415258e-02
4.330828681408142172e-02
4.707746315350066352e-02
5.233035917471787202e-02
2.730541283505764222e-02
2.995409230818939228e-02
2.792162156131699352e-02
5.151252210567214274e-02
3.479816653198927745e-02
4.021020684254388716e-02
3.266056148748555654e-02
4.490223288213814751e-02
3.531243566814792900e-02
4.287708248280162893e-02
3.308864106875245015e-02
4.097329362719309698e-02
3.237215603298451011e-02
3.319427607473125069e-02
3.248413508279993089e-02
3.027044645791365438e-02
4.169210306095577634e-02
3.554510559275919634e-02
2.399078208417033953e-02
4.201375679416106262e-02
2.258567106546812212e-02
5.101558184074468649e-02
4.976388846560302059e-02
6.136850163465334268e-02
3.707121740166651608e-02
6.870075403382033818e-02
5.574975533727540705e-02
3.119402848004972431e-02
2.523753727429262420e-02
2.517239240979011680e-02
3.334965374612915145e-02
1.316585392461201535e-02
4.603644706947484372e-02
2.895716559962257727e-02
3.800418485609874386e-02
3.788183685298367187e-02
2.884833246288156378e-02
3.803719443123239341e-02
3.821369524923839966e-02
3.905640444860854904e-02
3.350855139799853444e-02
4.998262598295494935e-02
4.179536388833678812e-02
2.943953829111290235e-02
5.941825175772053047e-02
3.377853405146248600e-02
3.098414037061827941e-02
7.690604659089220196e-02
5.750672011640513281e-02
4.774791847569022363e-02
3.473093535757414141e-02
5.311403580833320981e-02
3.506781672312322268e-02
3.521727935528817799e-02
2.741641926087397263e-02
3.853316738633193184e-02
7.583283969276957692e-02
6.380609895036114254e-02
2.810930127578808307e-02
1.773438531015231884e-02
2.885154980182784087e-02
3.620721255749987516e-02
4.825692717613959404e-02
3.201885550733433311e-02
2.961581295062391123e-02
3.355178879040328355e-02
3.702395655739843666e-02
2.451557518921233803e-02
3.448163530609494459e-02
3.600575121099213599e-02
2.315674977766060336e-02
3.711376819316283826e-02
4.165220311848002316e-02
4.331002942702567859e-02
3.259162789717478387e-02
3.565844102709563035e-02
6.119458894156632606e-02
2.424758518424502060e-02
3.391527716831421041e-02
2.598245554727110496e-02
3.437128022103061453e-02
4.820079456247380878e-02
4.694487106467096216e-02
3.859788230506753376e-02
6.394007941092288982e-02
3.447490403713955598e-02
3.046549504342052628e-02
4.560618702138651004e-02
4.205006985594762769e-02
1.614962722898593411e-02
2.028963073462919722e-02
3.255527408723019045e-02
3.233124950087250260e-02
3.699636236422952640e-02
4.041539831564998353e-02
2.608862857364399254e-02
3.849930861014908001e-02
2.200779531520861629e-02
2.859837230302611499e-02
3.099561646313062080e-02
3.458484916789035524e-02
4.331660253773528951e-02
5.485172727010634991e-02
4.162204238582722232e-02
2.762800933819746507e-02
4.901173044008656776e-02
2.792015483736566550e-02
5.362486735312525093e-02
4.192236930171095582e-02
1.940312320784345554e-02
2.463397661237414285e-02
2.510365012441104909e-02
6.113027919813517064e-02
3.452573234676150488e-02
4.504269416628874784e-02
2.070014758299587240e-02
2.942204869668798781e-02
3.516539393458675139e-02
3.429560390491340205e-02
3.695395637406493489e-02
2.911451592738063462e-02
4.448376475086544130e-02
3.583618280841519704e-02
5.423821400347904331e-02
3.998435346426262860e-02
5.181963608348859329e-02
4.233778617235858105e-02
2.679350571350154822e-02
4.514575281272283080e-02
3.085999837342870769e-02
4.162862200597471779e-02
2.897219789711056800e-02
4.790422038932201643e-02
3.406213725059051289e-02
3.271174071297983099e-02
2.958209135021628786e-02
1.702624799077851955e-02
3.125483146799179490e-02
3.620048702966355975e-02
3.160324247269927223e-02
4.439259380180895359e-02
3.794209012179895063e-02
4.376558773536031594e-02
3.819298876713630997e-02
3.446554273516664463e-02
3.429517763388224144e-02
3.391743258243120479e-02
3.108425136180206425e-02
3.112442804250646622e-02
1.664336373606140410e-02
3.560961945620112756e-02
3.629480306822014529e-02
3.549958915115512120e-02
3.202799567107190298e-02
3.470181139504404516e-02
2.951799954623109817e-02
7.060153723617827726e-02
2.486570470170904740e-02
5.437926252172269742e-02
2.684961276203790687e-02
2.458752448369594043e-02
3.077685510819259257e-02
3.755476811538421139e-02
2.770890245033636595e-02
3.971383059397587401e-02
3.525309004360056842e-02
4.801224002729854307e-02
4.306104207837872094e-02
3.175286050980573316e-02
3.894714783910086658e-02
3.137581499977697141e-02
3.757558497012133958e-02
3.405640143565823869e-02
3.972784613778516244e-02
2.418046034228744576e-02
3.567820391071962333e-02
2.823040567706036619e-02
5.284076783719322823e-02
3.249255232604499055e-02
3.510863488454717823e-02
2.260193614556343239e-02
3.962376021520550018e-02
4.113064610055724990e-02
3.029721118654266077e-02
2.522489105268702764e-02
4.874438028292899655e-02
3.643809143577440846e-02
4.099132406069321694e-02
3.906346651497173000e-02
3.989570782884221262e-02
1.952454416138547574e-02
6.045403186153312791e-02
3.705056064742163341e-02
4.368746619297898814e-02
5.035695357493959190e-02
3.719840697280754616e-02
3.385403575187471981e-02
4.078852993026648582e-02
4.384152122863849144e-02
2.678289664880073237e-02
2.501342418189625785e-02
2.703026601901496392e-02
3.699196794778868147e-02
2.578430854961467553e-02
3.838084745551650218e-02
3.399243927302419976e-02
6.589039026588923431e-02
4.045741850970727138e-02
2.513944339976374384e-02
4.589400093563113930e-02
3.756080952405218415e-02
2.367718599448824165e-02
4.247817662106737752e-02
5.319393643788264403e-02
3.026396141326831088e-02
2.783872922201188413e-02
1.213418655631828651e-02
2.831542168690900224e-02
3.822135148652806846e-02
2.194966550926364182e-02
3.619991292159325386e-02
2.240223696430883663e-02
5.507892594328413910e-02
3.952508650682624858e-02
3.579582429397040050e-02
1.428605588928147895e-02
3.105670729762245383e-02
4.864170495530414917e-02
2.131458842688366967e-02
4.577379174593305261e-02
4.879539212631692907e-02
4.113151505017918069e-02
3.342699568409818883e-02
6.096379407197403261e-02
3.649014565530989129e-02
5.936773048042088413e-02
4.559413957887119978e-02
2.627691656195175335e-02
2.408542486956741571e-02
2.543462334710666975e-02
2.422650270607290546e-02
4.367166533662397709e-02
6.092375188701436989e-02
2.887396769488399448e-02
3.900373921973396274e-02
3.056413395648956491e-02
3.289688742033149843e-02
3.196915864727106760e-02
3.547100995876586310e-02
2.399303499719015673e-02
1.820885204443811051e-02
9.620208460940577258e-03
3.604129563806751646e-02
3.787470997267198408e-02
4.745360284842195520e-02
3.087382101458033268e-02
3.721557640925030747e-02
5.545311357311383943e-02
2.612678499377548563e-02
4.166401028551058872e-02
3.769144185829778615e-02
2.926372819722640115e-02
3.534501862286834606e-02
2.429828061550784110e-02
4.006344496578642667e-02
5.638897211728247268e-03
4.473404640588739961e-02
3.231150863605904144e-02
4.300136691158300273e-02
2.981105610484179741e-02
3.961349379944732046e-02
3.171510332894842549e-02
2.915299447438626790e-02
2.232985939034366762e-02
5.255512661685540071e-02
3.246075438661321505e-02
1.757431618621408190e-02
1.871411699148736382e-02
2.642452704890769707e-02
2.553031951520018383e-02
1.899342190825484625e-02
4.129976072468798803e-02
2.891594518392434296e-02
4.178698958541937625e-02
3.189650190220110620e-02
4.097449399619527283e-02
5.434404566585770285e-02
2.426165484762112662e-02
3.753706604439064481e-02
2.189106631829161251e-02
1.860956947730805014e-02
2.820415249981312461e-02
2.775981254074229992e-02
4.379118179049445309e-02
3.750111860155724147e-02
2.436120461408274387e-02
3.080590808658163066e-02
3.139354486839156938e-02
3.023128837601929061e-02
3.318662295950306623e-02
3.158333676561349973e-02
3.197891543436436751e-02
3.399664369434364508e-02
2.920783379402937946e-02
2.602933381755700298e-02
4.913084427742078070e-02
2.449138551968849109e-02
2.562550902411937087e-02
2.722429177711462728e-02
3.019711132686218186e-02
4.625439987762872129e-02
2.887359323482183854e-02
