1.387224128801186112e+02
1.363635307962221077e+02
1.407156195060776156e+02
1.460310056969143773e+02
1.377433216334261772e+02
1.405804947861287815e+02
1.373386684810743077e+02
1.379859120253227047e+02
1.411522420568090865e+02
1.395007587822405810e+02
1.357479114814175318e+02
1.418905526006835771e+02
1.442332951945770105e+02
1.438586366652260722e+02
1.423393924527758543e+02
1.393347086150525911e+02
1.385530213141296372e+02
1.389943958705673879e+02
1.395017625314471843e+02
1.387094688519436829e+02
1.410751256852604456e+02
1.408802454891432774e+02
1.424259854176137026e+02
1.385139243205912010e+02
1.388131093979787067e+02
1.392568347409751084e+02
1.384797315558338653e+02
1.509343745965251742e+02
1.415879341259714010e+02
1.396986054526956309e+02
1.364631525730827377e+02
1.387699697296079080e+02
1.345220810953325952e+02
1.393074063695858058e+02
1.548749921442045832e+02
1.417357474051518125e+02
1.391193340718323554e+02
1.374246483867590030e+02
1.518885070526975483e+02
1.475646910370921603e+02
1.449492584690199806e+02
1.426733284941827549e+02
1.419814966465482087e+02
1.476756620007209335e+02
1.447637599544200100e+02
1.378758174341794245e+02
1.456413783088768241e+02
1.411630661069750374e+02
1.379458593588638280e+02
1.476636962337991577e+02
1.488250489070507570e+02
1.498706846856944708e+02
1.478452248904250439e+02
1.470795850781941851e+02
1.581829542604632479e+02
1.348425174916239087e+02
1.401004920089363281e+02
1.415981307282409603e+02
1.405246049649684323e+02
1.381373109791876743e+02
1.402202271020489945e+02
1.368464960037977960e+02
1.482469197260998328e+02
1.392493122173079598e+02
1.392206087113466140e+02
1.372281860271388325e+02
1.410153465543303071e+02
1.442059842453390957e+02
1.387815609219756823e+02
1.439877537804657663e+02
1.409412261435161611e+02
1.411836458363623592e+02
1.359135295826482661e+02
1.461437357336413356e+02
1.436977030870031058e+02
1.403280054453245214e+02
1.400083088107364517e+02
1.398429492190743133e+02
1.471958271390477933e+02
1.416151975320402983e+02
1.525218517064424475e+02
1.432777950445380668e+02
1.443798972675996879e+02
1.447285050757577949e+02
1.407384523985644194e+02
1.377045395750442367e+02
1.484021227486009309e+02
1.472880187730868329e+02
1.477026321463085878e+02
1.374584454972988965e+02
1.454529554412422385e+02
1.458981975851635298e+02
1.438932061749939351e+02
1.399740680619598834e+02
1.400876475313617959e+02
1.377031022393971682e+02
1.401032337445570874e+02
1.386738050959137922e+02
1.527055315368412494e+02
1.375227307458116854e+02
1.427099103722311497e+02
1.420350792611822044e+02
1.409428178820079438e+02
1.401595714736477021e+02
1.389000032235605886e+02
1.388703436946523198e+02
1.457820925335905997e+02
1.421629636222180864e+02
1.533261424002309070e+02
1.455960276570233418e+02
1.490518150888632931e+02
1.435233934423042683e+02
1.484680882429822759e+02
1.475667376579578445e+02
1.456748943604953581e+02
1.528334591523221206e+02
1.428541034955956377e+02
1.482412161006159295e+02
1.477744759241238341e+02
1.443371143011304980e+02
1.384064483819901739e+02
1.446398066676782150e+02
1.420527914974644546e+02
1.393752140691624106e+02
1.396563630459365584e+02
1.402222468277160488e+02
1.417459604112333977e+02
1.393744758593740585e+02
1.351875257850597336e+02
1.419670906346788684e+02
1.356938003404911228e+02
1.461138341934659479e+02
1.390842895916729276e+02
1.408880153950271676e+02
1.481555697395768050e+02
1.396259597960334133e+02
1.399105609719808854e+02
1.425943578842725401e+02
1.438639549870209464e+02
1.360940832954295558e+02
1.415849630540275257e+02
1.461777691710179852e+02
1.501286200694395347e+02
1.490847048332806821e+02
1.450602015233766622e+02
1.390137551878776776e+02
1.396678933174136432e+02
1.397172499336111287e+02
1.442228870627848210e+02
1.401915504940592427e+02
1.395959579612232915e+02
1.390152980940910368e+02
1.407705618834350787e+02
1.405194402571367220e+02
1.408069054862058636e+02
1.400657598036206366e+02
1.398784522349455415e+02
1.410657596468408315e+02
1.378677420437221599e+02
1.469823690875536215e+02
1.344842575585211648e+02
1.411860003486034714e+02
1.408853441224797223e+02
1.477688676151851155e+02
1.436394847132955590e+02
1.412807959716876098e+02
1.506707411533913330e+02
1.435309913418796555e+02
1.390827856624232481e+02
1.479248929976506304e+02
1.459404565745181515e+02
1.465560492409034907e+02
1.449359089992637735e+02
1.445524599943086912e+02
1.408148823568708679e+02
1.384266846393232129e+02
1.416453274603500461e+02
1.383619612633358997e+02
1.384200577048540879e+02
1.450780391521641661e+02
1.443118625244362079e+02
1.532336948244353039e+02
1.424641759771007798e+02
1.417808705440123163e+02
1.385230838415151595e+02
1.399015272039455624e+02
1.373864791265014844e+02
1.394018459093497029e+02
1.371688144056760734e+02
1.377002350614908721e+02
1.404607055664032487e+02
1.403685737629889445e+02
1.431668348085068203e+02
1.445019529483344911e+02
1.425007460280949090e+02
1.476482503076439627e+02
1.448212548002740903e+02
1.432030210137378674e+02
1.388011479283743768e+02
1.396568403043548585e+02
1.404432906649228130e+02
1.484921931141542757e+02
1.468133800452897049e+02
1.457624165738851332e+02
1.421562176882628989e+02
1.422690426876679624e+02
1.550581697405702926e+02
1.496845118460008166e+02
1.472196921190437706e+02
1.382026384916936479e+02
1.374683275691515689e+02
1.449408163203481195e+02
1.402580484434269863e+02
1.383138547958035645e+02
1.414786107715349033e+02
1.412963635221219079e+02
1.385762085598616409e+02
1.360634634044596680e+02
1.341673230108251005e+02
1.400253833236439505e+02
1.428652923101523697e+02
1.385811229880926874e+02
1.395944508128648351e+02
1.411385289651538528e+02
1.433003055297577362e+02
1.394206580845908832e+02
1.435894881388103954e+02
1.424312226696988262e+02
1.408380224830085581e+02
1.379517251217354215e+02
1.367203642665098187e+02
1.379177605142350842e+02
1.424430636187626078e+02
1.390079557214270380e+02
1.388316504926562232e+02
1.397992438756194815e+02
1.415993628482120528e+02
1.384070113659844878e+02
1.454282576507014539e+02
1.467840689274675299e+02
1.442026934191839587e+02
1.379200661318279231e+02
1.424020042668212795e+02
1.401503058926954566e+02
1.425798085158918411e+02
1.391866141879007728e+02
1.398252230181873870e+02
1.411374079501873666e+02
1.486743954795117872e+02
1.430055645591741040e+02
1.417184526444457902e+02
1.412201859344784793e+02
1.385319207705542510e+02
1.443114051333473355e+02
1.430263300108277917e+02
1.458938668677638759e+02
1.391148454792957239e+02
1.417636082370080715e+02
1.414800065559717552e+02
1.445128237642105660e+02
1.372338715939409326e+02
1.468106565804735055e+02
1.486497531125939986e+02
1.424934915845691137e+02
1.472125346511256225e+02
1.412248956905228567e+02
1.388434208194726693e+02
1.438138160990024801e+02
1.482013024449067871e+02
1.419384220032650035e+02
1.397584171459643869e+02
1.377253979199367961e+02
1.364996028674374600e+02
1.491709490437633008e+02
1.388312982951980814e+02
1.395142328826625260e+02
1.380309746150809360e+02
1.373206509037424610e+02
1.399482390484922689e+02
1.483764882056671013e+02
1.498290666595351865e+02
1.480781811204902283e+02
1.421360359241769515e+02
1.411573543601749350e+02
1.383656060548948687e+02
1.351226424159603425e+02
1.369860956356510826e+02
1.435113756754537633e+02
1.379258695340190570e+02
1.460081377034168781e+02
1.430031777210402595e+02
1.408020834884243300e+02
1.414199047527906146e+02
1.449718770372476513e+02
1.448369023080726095e+02
1.448708596015212606e+02
1.380517841818992224e+02
1.498297623160424337e+02
1.484423248243528519e+02
1.490417779938667593e+02
1.364261046742268491e+02
1.315651929654799517e+02
1.394900960796659035e+02
1.382003521347808714e+02
1.506869509460981362e+02
1.443746642445652242e+02
1.427521130235102191e+02
1.453263280598914378e+02
1.433758975944041651e+02
1.411889610122737224e+02
1.401275489657679714e+02
1.465012739169175688e+02
1.445360700896532933e+02
1.393193707370213303e+02
1.513952160860671370e+02
1.497416000427552376e+02
1.490579971918628246e+02
1.416076290586894686e+02
1.435416486061954231e+02
1.430189140040129416e+02
1.397200474784833943e+02
1.506563345450058478e+02
1.459036092013475638e+02
1.443986138128147445e+02
1.391756281563596929e+02
1.407718927403040539e+02
1.459654911707384883e+02
1.445606489419361935e+02
1.421693964181355057e+02
1.427515044031836737e+02
1.435762416173021165e+02
1.435405306788277073e+02
1.457125743508586027e+02
1.420570019842132581e+02
1.436299733598832802e+02
1.373039804268237845e+02
1.396952669810443695e+02
1.401552626972895155e+02
1.386957790138708901e+02
1.509636256900971318e+02
1.463433217226337320e+02
1.468008571924862906e+02
1.423510094001871096e+02
1.444260296874393248e+02
1.399784466517557462e+02
1.417580825223503496e+02
1.373836133492031024e+02
1.449552907574825724e+02
1.423049713171877215e+02
1.394991287336139578e+02
1.409145116994957050e+02
1.397608987890145613e+02
1.396872598385975550e+02
1.522586037780394292e+02
1.410315038632149367e+02
1.403173808203648321e+02
1.398763778583454496e+02
1.414558130223620935e+02
1.383853355444064732e+02
1.376040832577993172e+02
1.446088128199430116e+02
1.452541118355759977e+02
1.417641424719918746e+02
1.404175223090037434e+02
1.394261031587116975e+02
1.428955004920876490e+02
1.395229521107462745e+02
1.396619139795645594e+02
1.394400961435208899e+02
1.527190124784959835e+02
1.481564653168110510e+02
1.496376214655231252e+02
1.411620155233935918e+02
1.376202369740829852e+02
1.471495396911804505e+02
1.446091727619575522e+02
1.455485896132446726e+02
1.476676883711759274e+02
1.399185945531894788e+02
1.467387540880948222e+02
1.417301542843217135e+02
1.402552765795448977e+02
1.365653455952389947e+02
1.342834679626968750e+02
1.424560951865505558e+02
1.406088128274124074e+02
1.485221218854262304e+02
1.433427593129472655e+02
1.431096739702222465e+02
1.366148640162992365e+02
1.369474910017998752e+02
1.370115167799113749e+02
1.372462951649771412e+02
1.498136018703608272e+02
1.421266312502370113e+02
1.411895231493466554e+02
1.385446276301762794e+02
1.413206271865897179e+02
1.400262604337101493e+02
1.409431005181466503e+02
1.411935903801596908e+02
1.422396081189460801e+02
1.430561524062445073e+02
1.415422927812415708e+02
1.432634068262752862e+02
1.381594669783739846e+02
1.400268283515872838e+02
1.464199200218797898e+02
1.422299954564655877e+02
1.422634920901153919e+02
1.553372748156064063e+02
1.441381981785010851e+02
1.427607837614815764e+02
1.481620021224527477e+02
1.460465687302236688e+02
1.419171874173723893e+02
1.467299469042532678e+02
1.442647405013335629e+02
1.418500863770015599e+02
1.479843320336484283e+02
1.412465928551082186e+02
1.391285171442646913e+02
1.430076632222561273e+02
1.438006700436991991e+02
1.419879229459355940e+02
1.444049751206729297e+02
1.390703132119523389e+02
1.489612677966766512e+02
1.434985691944008011e+02
1.409042425123972748e+02
1.427316369424680431e+02
1.428253489378998040e+02
1.403660071290698284e+02
1.384512497927376558e+02
1.409336152838281180e+02
1.387479295498604586e+02
1.409380643297901372e+02
1.373981967143375300e+02
1.457233721600986200e+02
1.497432056295943994e+02
1.499366253148636758e+02
1.487849497127150187e+02
1.384854129246900811e+02
1.402967807242674212e+02
1.413237465430388795e+02
1.501442534280838856e+02
1.417948056265687171e+02
1.423468763668449242e+02
1.386837353657046208e+02
1.445823342572870729e+02
1.388588881767008445e+02
1.409117577854600540e+02
1.400507280781453971e+02
1.529802201846966909e+02
1.511276500467275241e+02
1.461584247448546421e+02
1.436200956135480169e+02
1.409611963322701911e+02
1.448001313453638375e+02
1.402773149578212610e+02
1.454326102706597510e+02
1.444722932888346918e+02
1.503033707198528930e+02
1.428113197578399252e+02
1.402932833644613595e+02
1.397684863048810939e+02
1.416636366125025575e+02
1.433196690795751636e+02
1.391667583251742428e+02
1.396584866313051805e+02
1.442008993081045958e+02
1.405886920290616047e+02
1.447270608587040783e+02
1.390536723842742788e+02
1.385909951291357913e+02
1.451133386657247684e+02
1.455700911362363001e+02
1.419281093483010920e+02
1.418645926830106134e+02
1.403620084629643259e+02
1.413483610452593666e+02
1.441310527643869932e+02
1.439703555952121405e+02
1.405293285221675319e+02
1.383474612171666820e+02
1.400705240252430315e+02
1.392419031326007826e+02
1.397187148072614491e+02
1.422315140310368520e+02
1.404383559855418184e+02
1.397098321038916993e+02
1.396979415476501174e+02
1.430782301416753057e+02
1.482407431249196463e+02
1.463815990461154684e+02
1.464424779822747382e+02
1.430764129647643585e+02
1.408932198147523991e+02
1.374800286924078421e+02
1.499044881638742481e+02
1.442006145881478005e+02
1.461110723943946255e+02
1.464702071303175046e+02
1.421731949026903123e+02
1.429449279538096107e+02
1.450915068508566321e+02
1.449929115449982078e+02
1.475040335013375454e+02
1.458387109686707106e+02
1.408290611128649914e+02
1.403147604756235580e+02
1.486966562119175421e+02
1.404573118270585326e+02
1.421787400059016022e+02
1.409563444124780460e+02
1.465426561892089978e+02
1.447831623421392067e+02
1.500818671298973186e+02
1.472708857167228018e+02
1.419599218397730738e+02
1.394803209182417731e+02
1.412525312920797091e+02
1.400606255947052432e+02
1.424960598243282845e+02
1.426710365795813402e+02
1.420442791272851935e+02
1.405003155080781028e+02
1.415481687356013367e+02
1.461277148913558790e+02
1.453720379150250608e+02
1.387556145697666921e+02
1.453847016907198793e+02
1.438086240892211833e+02
1.419035587941811798e+02
1.435878250846157300e+02
1.472275052104308770e+02
1.376924561691371593e+02
1.414689276806410021e+02
1.453513501307808440e+02
1.438589564244011285e+02
1.495277039546408560e+02
1.412348042510042774e+02
1.418244054184121978e+02
1.376922738175952645e+02
1.412717094688239570e+02
1.408398806875287619e+02
1.503552864166244092e+02
1.474263600779716228e+02
1.415539711625080770e+02
1.450751881042947957e+02
1.421709139052130411e+02
1.391869969523017971e+02
1.446899326915275026e+02
1.425814696696180590e+02
1.406329442113438972e+02
1.521508324972350863e+02
1.451811092357887958e+02
1.466997640253985651e+02
1.398592954738464584e+02
1.405587340576904580e+02
1.393578101789346704e+02
1.430270274801863764e+02
1.402807375373996592e+02
1.402486302132740263e+02
1.428804618926050125e+02
1.393599724841147633e+02
1.398313692864598750e+02
1.441405304153284703e+02
1.401070200725053780e+02
1.419723318266111391e+02
1.438892663191377608e+02
1.405630656065542041e+02
1.437703831161112760e+02
1.401034806202429763e+02
1.394113283528071179e+02
1.434058154966028269e+02
1.402401571894098993e+02
1.361568291529899284e+02
1.408223062515305060e+02
1.488468292857554331e+02
1.469500917799361446e+02
1.458299781861034319e+02
1.411101358639628529e+02
1.459302488447583528e+02
1.417196635380915950e+02
1.472684018414635716e+02
1.469381691441131750e+02
1.424067833606648037e+02
1.412164027653794847e+02
1.485384500754886972e+02
1.390338088944304502e+02
1.452322394733390354e+02
1.503494641364242170e+02
1.404740882584432882e+02
1.385694483039427212e+02
1.451759369842659169e+02
1.429948478771730151e+02
1.421350192808587849e+02
1.437745399655851202e+02
1.435820064435588677e+02
1.420167915985254581e+02
1.404095017124589617e+02
1.404412679720729784e+02
1.388127638879869323e+02
1.409741183194323355e+02
1.405677579369123862e+02
1.369704343950725729e+02
1.407292040624677156e+02
1.408428735510147476e+02
1.372298513392500183e+02
1.390017793702874656e+02
1.416017272934410869e+02
1.393795708927148382e+02
1.392440142104733809e+02
1.380478435809463349e+02
1.411867222040220042e+02
1.392210419226460942e+02
1.394598265340912633e+02
1.385575467311951741e+02
1.464255639845373764e+02
1.423111664451388094e+02
1.425684149935276821e+02
1.394275658267200697e+02
1.397610455786113164e+02
1.491137525999129423e+02
1.483709060668682014e+02
1.458494259449565220e+02
1.492727625691426852e+02
1.542399673564569014e+02
1.447779425492478254e+02
1.357796653124928810e+02
1.452184127909363269e+02
1.440236463463883183e+02
1.395068937044751465e+02
1.462941443616494723e+02
