6.924260394506300681e-03
1.685279982579266853e-02
1.123040364018174607e-03
-1.031294550298084839e-02
2.165602728523725873e-02
4.337402058083853124e-04
1.057175322436052466e-02
1.682596382074273353e-02
-1.289666243649820448e-03
-1.886525350013530319e-03
1.895880264101131377e-02
1.510641766211327092e-03
-1.585154553304096714e-02
2.169821427994071336e-03
8.844547082960471304e-03
2.487679393041453135e-04
8.921093395844703969e-03
1.533401747928028053e-02
8.038718328053501283e-03
1.111216047445509440e-02
1.656828637768597776e-02
-1.087572291632575398e-02
2.003948923295163428e-02
4.677845395474008496e-03
2.219152376862931764e-03
1.007821413493607821e-02
1.396381486380228465e-02
7.359017792689839799e-03
1.442159551795788898e-02
1.351782617824356068e-03
1.153277959900527935e-02
6.231912525706600689e-03
2.247709098597562051e-03
1.931082455447666671e-02
1.463307621110040632e-02
-2.151886986794394885e-03
8.248970616535249503e-03
1.298828559277358762e-02
8.244355470384543902e-03
8.060397547240631677e-03
2.231274607865599106e-03
-2.238528085965534216e-03
3.618300089353799608e-03
1.189237781114028947e-02
1.220210563992086931e-02
5.200910585478637355e-03
-1.470973465592585218e-02
1.561167574744278322e-02
1.496297332144102231e-02
1.319291379691552024e-02
2.119872467188588586e-02
1.187955809787357916e-02
1.484139011174445862e-02
1.005425474303391770e-02
1.167907416290793650e-02
1.391840279344366479e-02
2.473103132053839585e-03
-2.609911716634933168e-03
9.547314291293455824e-03
1.609442204944693325e-02
1.973794996712673402e-03
1.695682895351161013e-02
1.156806763615335874e-02
1.126661574857665965e-02
-5.515976835773483966e-04
1.587912761080235644e-02
1.072257293457211727e-03
6.805211892141723590e-03
1.448193196973964966e-02
5.224587042868064288e-03
8.608364130952781898e-03
1.538896229247465469e-02
6.400423950303105874e-03
2.067231716105343356e-02
1.036165980318322528e-02
8.666075450189561491e-03
4.611173918114330750e-03
-3.358589406772263374e-03
8.289192983355706673e-04
8.474848408830908467e-03
2.170622073548516065e-02
7.414430375467240264e-03
3.985093661000900164e-03
1.912571841277160845e-02
7.283178964918516143e-03
4.037896329908222288e-03
9.985616852974442056e-03
1.370087655410010853e-03
1.260603273064587505e-02
2.207252374976726231e-02
1.420940948032975090e-02
1.574326656842919836e-02
5.812749754464231408e-03
6.419004815218162796e-03
9.103539870297964673e-03
2.142029827791588903e-03
4.844203396739552719e-03
1.412108032166553735e-02
8.854236506717241655e-04
1.180583938505615910e-02
-4.683593150033141077e-03
5.150937743796131854e-03
1.201962253396896170e-02
1.775790809566343831e-03
-3.611593538726439075e-03
1.587747382296452597e-02
4.095771480551259162e-03
-5.715123708801691724e-03
5.371517280457814222e-03
1.659197709299761736e-02
3.154474008085954642e-03
1.878633150161589105e-03
6.295455302184064378e-03
7.418804524838439399e-03
5.300783946461917404e-03
1.916719225227948853e-02
1.713931304335086087e-02
1.472520128135614351e-02
1.068297209099187788e-02
1.570954332204426568e-03
1.455420532536891819e-02
-9.528297762844400304e-04
1.509713006977885658e-02
9.807338046612693386e-03
5.202709161786188419e-04
1.889394977733488412e-02
4.339085131700923074e-03
7.961173332402152886e-03
3.907248753243924150e-03
9.914004164246871878e-03
2.092664807668064703e-02
8.461771188589801637e-03
1.180247079527778180e-02
2.392464029959263765e-03
1.839419001676366461e-02
6.229938185638645050e-03
1.592738019814745123e-02
6.972479936921308075e-03
-5.676959555087816509e-03
7.990692299734130505e-03
7.930071036659238487e-03
7.462808439016048803e-03
5.750058595327665369e-03
8.931220603591154619e-03
6.971464290985459819e-03
6.599287999146847411e-03
-1.682488655293413668e-02
9.406133792224350906e-03
-1.772431151311742309e-03
3.819221899861531891e-03
2.853809507908947225e-03
4.039504727559520628e-03
1.019060713557158908e-03
-5.678681259969353863e-03
-1.831429212800088011e-02
-1.495721468018370789e-03
1.124238428704028500e-02
1.140266728279796041e-02
7.244129945730563500e-03
1.833070049806972621e-02
-1.731921199620600413e-02
-1.110610852721910166e-03
8.225561463105192372e-03
1.170162982900561574e-02
-8.154057122462567142e-04
1.270026065640041980e-02
1.686243946353711484e-02
1.382620039833283750e-02
1.051292594027048409e-02
2.457793783177494515e-02
1.467626184231437744e-02
7.805783164072429420e-04
4.624758058689112244e-03
7.089953659597391863e-03
1.293755434764397652e-02
1.124937268044987407e-02
-6.241100389884110533e-03
-6.304110182833458365e-03
2.281036609153348771e-02
6.049022976140371044e-03
3.200693493309925142e-03
1.233675322429520632e-02
1.022537580883599480e-02
1.654381783779150170e-02
2.031337411953181016e-04
2.613152318216248587e-03
1.527080494073981831e-02
3.045709642567053996e-03
9.396408897528230747e-03
4.817521288786462581e-03
3.732252943442191263e-03
7.993101955420051086e-03
1.185287126076262597e-02
8.459099099029941671e-03
-2.651550967618328258e-03
1.199459336217708304e-02
1.688831381390570527e-02
5.590900565061132643e-03
1.549896533058721729e-02
9.565738905772100398e-03
1.710684965414155725e-02
2.300002633863883900e-02
5.525866862279680755e-03
4.146590543755704003e-03
1.090817416164775733e-02
1.292001560487178111e-02
5.791866879233767938e-03
1.310598728772303066e-02
3.012845363300927642e-03
5.127799448145560317e-03
9.106247354013774498e-03
-1.728105319741448341e-03
-5.250906362404017882e-03
1.551170011211095920e-02
5.430402122636721930e-03
-1.479058921358602369e-04
2.336189172214475987e-03
-9.902810681472366122e-03
3.264071950837750535e-02
2.371466214900346675e-03
1.400298650808303770e-02
6.396480757418897961e-04
1.902387833678291854e-02
1.519842866455390837e-02
9.690372709911326821e-03
1.137831966230958003e-02
8.964005392303310213e-03
6.793655228700264462e-03
-1.196625743455227708e-03
1.636619387939675790e-02
2.815513502990703298e-03
1.847457765342567712e-02
-1.805269962592013014e-03
6.879325906452740495e-03
2.255792950074285777e-02
1.415443770561614252e-02
6.076937309669992911e-03
1.044736476083951530e-02
1.602435712531448050e-02
1.499237367402810918e-02
6.813354774205925696e-03
1.913574494879020579e-02
1.305612644307783086e-02
7.721325950979353661e-03
2.935959193834246361e-02
5.943750832280055019e-04
7.089225840526095987e-03
1.296959291748993326e-02
1.218191328905331855e-02
3.471556310536846011e-03
-1.511573361126385302e-02
1.259670242741151372e-02
1.043531757363408072e-02
2.387655061221650304e-02
2.353165636255223972e-02
1.251693956249412543e-02
1.714681440966253287e-02
4.229991244145079807e-03
-1.229922915359682629e-02
-1.453494130830951594e-03
1.421348696966218128e-02
2.343521389675852842e-02
1.928083800969568329e-02
1.061882874839290870e-02
1.174010997166687054e-02
1.296239707137979494e-03
-3.290374007887555616e-03
2.238161107530418394e-03
2.008217337769854435e-02
-6.333942242873349211e-04
1.805298489751189228e-02
6.017418843440106024e-03
7.264631110726367871e-03
1.295251669090199259e-02
5.015087759846270643e-03
7.534987536957678776e-03
6.484872391940895570e-03
1.492484957274728581e-02
6.396954630439502520e-03
1.020370013881859855e-02
1.502913974371692697e-02
1.178484263626433659e-02
-4.996106697415835310e-03
6.742977902742282661e-03
1.828352518356770456e-02
-1.850138767181703017e-03
7.146597753393973268e-03
8.948540146867906345e-03
1.175723208198817434e-02
4.524257093117546071e-03
5.331997874070647236e-04
-1.330509179922157587e-03
5.017831280389254724e-03
9.026279516712495607e-03
4.955290313898091763e-03
-3.825835127332726047e-03
-2.449958210188470271e-03
1.256680173506128338e-02
2.685186488258775594e-02
5.669134779820120089e-03
1.594798176392913519e-02
2.863110552761367195e-02
1.006289298064064197e-02
2.515030374419071832e-03
1.192018871277724518e-02
1.536888709528327901e-02
-9.289545869987477639e-03
1.729815633463474556e-02
8.923646934180337609e-03
9.368807778663173699e-03
1.432882583430352200e-02
-4.338335037498073678e-03
6.726262309428581929e-03
-2.070656048301717806e-03
7.149895540355517137e-03
1.547813826608957638e-02
1.333874877577703733e-02
-2.018863247524602805e-02
3.736237735159818329e-03
7.116671787791779488e-03
2.010707791930958777e-03
4.924502408071555586e-03
7.071074882023693775e-03
6.309005511035096526e-03
5.101978228131799110e-03
1.450916606376111660e-02
3.693677401667988525e-02
-1.530791252214154172e-03
2.570378303827258390e-03
8.188120730305298994e-03
1.685452086404663416e-02
9.391320278957341477e-03
1.900923180865409651e-02
7.996965433256290195e-03
1.053936348780974350e-02
1.485637669394482795e-02
-1.171523323037589916e-02
-4.515276655784492173e-03
2.319537746707990220e-02
1.528659618300010764e-02
-8.396616595462124896e-03
1.648244285025175782e-02
1.476200768609661805e-03
1.275134487287296094e-02
9.243817293370926169e-06
4.972093759032110948e-03
-5.022135959457542549e-03
1.084780652336763893e-02
-3.426892295449661657e-03
-5.819145857828640980e-03
-2.726141550899435079e-04
7.933215497178649350e-03
-3.635787239389278933e-03
1.323734332960548911e-02
6.924090875182702283e-03
-3.446686318850683290e-03
5.737757700742169599e-03
1.044372943865936113e-02
-3.124731666465365917e-03
1.534015708775322666e-02
-9.394245794876894193e-03
3.907040549708318440e-03
1.159608350028037103e-02
1.388921629518469723e-02
1.190951088042061998e-02
-1.892858589075974152e-02
1.371678634359314516e-03
1.623726623278487838e-02
1.518635723595234202e-02
5.172658152304485113e-03
6.972110630149830866e-03
2.055673671403858774e-02
1.832471805641043214e-02
1.304644272424623427e-03
-1.396677808774126998e-02
2.516604076509944624e-03
3.256247366151759394e-03
1.025031535647678155e-02
-1.315627580454692934e-02
4.323501007475302922e-03
5.644247917968042531e-03
6.035490716824089795e-03
1.091800111192924895e-02
8.584786641228988810e-03
1.376876529267403830e-02
1.018794714887708008e-04
1.888813021332437156e-02
-4.271934361947803127e-03
1.150895001260729238e-02
-5.557656271259247931e-03
-1.309196766964451034e-03
1.078462769743217383e-03
8.901089683121830853e-03
6.496167603868363907e-03
-8.393890734652922903e-04
-1.374076011142168902e-03
8.522722526054651165e-03
8.851102546824781217e-03
9.629609894417551219e-03
4.625424160287722707e-03
1.651986240420846158e-02
4.957809117059674975e-03
5.865725576576635847e-03
8.271400543882024420e-03
1.460325060107308531e-02
7.984170494055618100e-03
8.230589450129506546e-03
2.968926818888850162e-03
7.045007406560287004e-03
1.678946029330229822e-02
1.487840348592331038e-02
7.708300526191213392e-03
1.604866387009449072e-02
3.980402468397179622e-03
1.039464881627813302e-02
1.376987286516531683e-02
3.515051205306358659e-03
1.674319932165696870e-02
9.954052832979462875e-03
1.510235874461605086e-02
1.241180944035613284e-02
1.054572629445794940e-02
1.227006944029523060e-02
5.911518817736681475e-03
1.838990349375357533e-02
-1.449043459346124841e-03
2.217781314594426817e-02
8.787270286850262097e-03
1.072668817521451115e-02
1.826896624678060743e-04
-6.983500270447872554e-03
-2.416788537031454905e-03
8.671850694484660796e-03
7.120197446427480037e-05
8.115084919544516759e-03
8.905059593591658357e-03
1.166931008509962918e-02
1.572119346805197701e-03
8.643682641916903067e-03
1.456900234556772131e-02
2.318152515708640435e-02
1.944335856846974089e-02
7.121494813363432944e-03
2.055498743883284619e-03
8.701705289328141857e-03
1.682821757658868600e-02
9.231133796542716208e-03
7.461762678700381742e-03
1.615041065130530529e-02
2.298255362177871811e-03
2.108551514387289882e-02
1.022177876354246964e-02
2.100133793108286198e-03
5.309656446301428377e-03
2.856569830244583968e-02
1.557455005751325061e-02
-2.368377273556463575e-04
1.487677320692350029e-03
-8.055470457770984652e-03
1.351635119447532063e-03
7.254201257531836186e-03
8.203780623033236907e-03
2.064726537215315696e-02
-1.406370464030222769e-03
7.464816308427505744e-03
1.346387650171212980e-02
1.282712854152951581e-03
1.153092147497007149e-02
9.155244812677716670e-03
1.829377453918312746e-03
1.086994647961782301e-02
9.241063275358344514e-03
2.092028700619625453e-02
-2.373496151156019238e-03
1.375149111417238793e-02
1.467465287060452407e-02
2.792526919300312993e-03
7.021904502701868667e-03
8.055619173113068993e-03
-1.425303027737920628e-02
1.691671221391469887e-02
2.060330640562381410e-02
7.868229417327652492e-03
-2.056222248270778499e-02
-1.481490271546370696e-03
8.115965219985091933e-03
9.430385175532043224e-03
1.547646552024331545e-02
6.706472394684066460e-03
-2.166408688618831971e-03
2.171480803584736538e-02
1.268021798901792542e-02
2.079611567458372265e-02
1.412619015902027986e-02
1.675877908785090896e-03
1.529999048126561532e-02
6.959889826275506702e-03
5.423193911984939587e-03
1.095661842535572764e-02
8.633336375313254568e-03
9.074405192004159765e-04
3.047489920830211141e-02
7.934980732012550733e-03
2.762870720258159274e-04
2.211363154447511942e-02
1.373881395538221854e-02
-3.316663297193895438e-03
-4.792478456053491168e-03
1.039700880851533032e-02
4.012135322463815205e-03
1.504349295137133273e-02
7.866004383859551141e-03
8.884500789655991673e-03
9.925520024391568802e-03
1.075161089664307054e-02
2.006144089969631727e-02
-3.499108974009672302e-03
1.009094915749658011e-02
1.241195538819630205e-02
1.263925166224118268e-02
8.308216397918077173e-03
-7.948467911885704826e-03
8.524958181033237894e-03
8.097296940411502497e-03
2.598263906402886736e-03
1.209063563736935583e-02
-3.877090164572795632e-03
1.014890683713100955e-04
1.235459876055029424e-02
1.079969831050964224e-02
2.940550474002281978e-02
6.230495116284440367e-03
1.671288216956967262e-02
1.050455462443543667e-02
7.990805862775188229e-03
1.090841636068731399e-02
-7.935947068953024333e-03
9.904914372524553645e-03
1.575761300233038606e-02
1.870929078962026842e-02
1.612703743367772946e-02
2.286386634500143719e-02
1.949506130327986753e-02
5.070620689933657589e-03
1.644059985260650988e-02
1.355667267038279493e-02
2.483899092586204851e-02
1.229252078102440783e-02
9.793049693471455458e-03
1.548903395609560474e-02
3.987612016171672262e-03
1.139372855729646819e-02
8.121480385756014303e-03
1.057979038615539449e-02
6.070705432941719826e-03
2.224117000453711135e-02
-1.005336070041339125e-02
9.361748528677864972e-03
-6.588425561809497545e-03
1.008170211895329654e-02
1.183753902794596434e-02
1.768493326844739616e-02
8.257547718203542275e-03
7.539569422367770404e-03
1.511000709172610756e-02
1.103108896158948478e-02
6.163091851435742972e-03
-1.253176199278712398e-02
8.222491368913667151e-03
9.939167576757177228e-03
9.832771527979178305e-03
-3.262750893180434153e-04
1.395968909640300445e-02
7.779325536434449941e-03
8.709703324365949961e-03
6.104201420130874606e-03
-5.218841253895604299e-03
1.348641696540210308e-02
1.182904758776722257e-02
2.834937881666634366e-02
1.732067756171049369e-02
4.805978732593738957e-03
-7.012322757926018474e-04
1.485071402444441274e-02
-4.023286644671669396e-03
1.212202332666191193e-02
9.042069177203569327e-03
-1.979106702150214281e-04
-1.647137786155186343e-02
1.706779741071424994e-02
-4.342929081058457402e-03
1.917821117871528619e-02
4.557746470627496715e-03
7.697083570159162468e-03
1.403959370234625012e-02
4.843388563463175110e-03
1.215330787971468339e-02
1.205970229035999847e-02
9.328796631708111478e-03
1.916666158066600636e-02
1.419875330091245440e-02
4.738662742541957865e-03
3.975301887062807418e-03
4.857635812544479521e-03
1.748966793382907697e-02
1.131068771504189878e-02
3.348579020686508895e-03
-3.271601392128937677e-03
7.293847620388546962e-03
-1.526325038773037809e-02
3.639005169242328329e-03
1.402997172116558257e-02
-1.002586318200554723e-02
-3.574618856131544023e-03
1.778226691810400788e-03
1.373519531330450426e-02
1.218760382134981973e-02
1.025781481515748890e-02
1.416640349680712424e-02
5.891718323169039054e-03
1.124140307356904026e-02
1.166955827770191009e-02
9.524530227831749796e-03
9.042495906697287783e-03
1.809054942704094865e-02
1.175831297058425179e-03
3.858769443086055434e-04
1.103787362324627243e-02
1.537471041616509000e-02
2.287011004480811460e-02
1.392912578411719011e-02
-4.851109920581108889e-03
4.784979235884657262e-04
8.795317855052883077e-03
-1.032379809457060170e-02
