8.380337874133256953e-03
3.013730125874674020e-03
1.262066255821934439e-03
3.098300127302795054e-03
7.769764616660876193e-03
2.311573870740760671e-03
3.793949776886275816e-03
2.657652432989793690e-03
2.990369741704904192e-03
1.393084977005660564e-03
2.676614798973066863e-03
1.629627159105628007e-03
6.090923774697549857e-03
2.030913758779280803e-03
1.290680771142640407e-03
1.770099573566060337e-03
3.589436187631305994e-03
1.373422143098238781e-03
2.327943612782430553e-03
1.690814454363511561e-03
1.169859645050463437e-03
1.751511748043148992e-03
3.422440651950439065e-03
2.604231792157075866e-03
2.259061473467004460e-03
2.053283890526180072e-03
8.250736474228689572e-04
2.304523926743208377e-03
2.061991309568539637e-03
2.496281045119951546e-03
1.701537355728887464e-03
1.435962429770529973e-03
4.409176652887136609e-03
7.328012589261780931e-03
1.044579852078220822e-03
1.405473308245749203e-03
3.134651453634699700e-03
4.796732699725084030e-03
1.898721171678400361e-03
2.915300521603597997e-03
2.035486558222764000e-03
1.340516226705773658e-03
9.469178868251068668e-04
1.562679682377190538e-03
2.730537418680812570e-03
4.972143877925757315e-03
2.317106795819691596e-03
1.238376627654962960e-03
3.724569262828205437e-03
4.217358467497245821e-03
4.429905253877228742e-03
3.309992899647279732e-03
3.519533355734821845e-03
2.822868824777891028e-03
3.970282137690582351e-03
2.881774411790646861e-03
7.032934955852395299e-04
2.954157635337106933e-03
3.007406708243690052e-03
4.626647386549592039e-03
2.839890134471491530e-03
3.060264536071608584e-03
2.309514832668305324e-03
2.986555956189616747e-03
2.284953470545285619e-03
1.925552429125773840e-03
4.188723598346892965e-03
3.114155003045202506e-03
1.668948335721971016e-03
2.726914661949195531e-03
5.451268952620042310e-03
3.904577300703906875e-03
2.225109698314095205e-03
3.613615514316059936e-03
2.386853361535719743e-03
4.654526637621490305e-03
3.928515836806894222e-03
6.942240816487170972e-03
3.182999830653090740e-03
2.984528906954298302e-03
4.602577379506105418e-03
3.246790124237268309e-03
3.457934254368097080e-03
2.252914457876268543e-03
1.081110209496367229e-03
1.859893140551280516e-03
2.004861878726679238e-03
1.599846545241267754e-03
4.625543781740016117e-04
2.631536986730000950e-03
1.649044372237609343e-03
2.552009907551385653e-03
2.206427322872281382e-03
1.816004760225636101e-03
3.112512791502524117e-03
4.670750733468614392e-03
1.008552358274433574e-03
9.946256407597107649e-04
2.905611867586574849e-03
2.198596481850946006e-03
3.459303416804720022e-03
3.008409701681823405e-03
1.428425036895517334e-03
4.343823122220083141e-03
6.934677413637868951e-03
5.972269488265323674e-03
3.648186206403065089e-03
2.917969810826667384e-03
4.112060536825713070e-03
3.842691765744323060e-03
3.641586769076192963e-03
8.137321016158594739e-03
2.725806391672879348e-03
6.757961693772611238e-03
1.828239984013095999e-03
3.207184830909471946e-03
5.324524893695200059e-03
2.450333077137089536e-03
2.444173149641389996e-03
3.828307462051484290e-03
3.191725419339069402e-03
3.501762305268768440e-03
1.178149637112817661e-03
5.285348032143534838e-03
5.019943635703750726e-03
1.549964486693628787e-03
7.518017462104944690e-03
5.740072047467429652e-04
4.669271257426781292e-03
4.083747002562215615e-03
1.652613870273209398e-02
1.417236938385352382e-03
5.736147255779769361e-03
4.791107816750400129e-03
2.580326849964053107e-03
3.043300306239624456e-03
2.379065590857077760e-03
4.849971573248293248e-03
5.353233435677250129e-03
6.415517724517906528e-03
6.327994009034471068e-03
2.448156003318995196e-03
4.301692962205115253e-03
1.826580421133347553e-03
5.472956091536061024e-03
3.517433847728038306e-03
3.256782617418807653e-03
3.099555910422870705e-03
3.623990551822177039e-03
4.081906274731760507e-03
3.590783939945104558e-03
3.537711980593002872e-03
3.260867774446694466e-03
1.363829851740345133e-03
2.746191707963940333e-03
2.001914728144551202e-03
9.678944571772065547e-03
2.611478617374610178e-03
3.550506646273478457e-03
6.549188653003935054e-04
5.726692362273192588e-03
2.599107836001035565e-03
1.077304534397961278e-03
3.169617530333704043e-03
2.407301469271351090e-03
4.536448645620683000e-03
4.279351660392192135e-03
6.648261546948005911e-03
5.148445681083697011e-03
6.267305045065737525e-03
3.697020490610517136e-03
3.397710242704103309e-03
4.695517587529407684e-03
2.422581441142907400e-03
6.452079381727422562e-03
2.421235963154428055e-03
2.792250932873643812e-03
4.105575955850578572e-03
6.934750698117959217e-03
2.335180107475395839e-03
6.290710615507734763e-03
6.071254768160495169e-03
3.108501862418307400e-03
6.685359648406865619e-03
4.240416462782931224e-03
2.816530387168556578e-03
5.921238223877158674e-03
5.751299197379399798e-03
2.147661369965179513e-03
5.054165492086946064e-03
1.142179442621406001e-03
1.421778244694278355e-03
1.732568787860741793e-03
2.480023884016612987e-03
1.740350874552950341e-03
3.186675649703955924e-03
3.409055272465414191e-03
3.110680139798645966e-03
6.362220894245529217e-03
3.674437562374521099e-03
3.461789407162867930e-03
1.935872485009595793e-03
2.218492416734950661e-03
2.445562365894059492e-03
1.675993874896583753e-03
1.994785168915109118e-03
3.008909114438582024e-03
2.472716676571077611e-03
3.938904888658687452e-03
3.793454766986405734e-03
3.538762851062455302e-03
2.422420636143187388e-03
1.186742644668714207e-03
3.352754554181111915e-03
3.978202888135435114e-03
7.782443038255765526e-04
4.144484220647567420e-03
8.663472429034297859e-03
5.274901063985336369e-03
2.609967744964943395e-03
4.947437243318843214e-03
2.675411276671481233e-03
5.706699724577862960e-03
3.835241897470507283e-03
4.390204778951817093e-03
4.721423067526468557e-03
2.500204890522646304e-03
1.036694165630622179e-03
9.474424468264593504e-04
6.430448231214590075e-03
6.058796725380766711e-03
2.155139273623129723e-03
4.038742252226503252e-03
1.318743185167602647e-03
2.391329106077645563e-03
6.547241484352713187e-04
1.272625326696247847e-03
4.617720076436192082e-03
2.745199869164252106e-03
3.779096065499033732e-03
3.650302876912645163e-03
3.677528372920620819e-03
1.118817681224271035e-03
3.060035595514046074e-03
5.643198247924344560e-03
3.400437215918806783e-03
4.227209980923454444e-03
2.394387747630787999e-03
5.475531793459908515e-03
7.160870081052502119e-03
3.387380040658037866e-03
4.564948576705712795e-03
3.915761982750954641e-03
5.020269467737306299e-03
3.515186248191505547e-03
2.645638797529682555e-03
3.726142892989170886e-03
1.986995807058944061e-03
4.119494050046317371e-03
3.896754771976241281e-03
2.502131634355225787e-03
4.842896617180285357e-03
2.842258550705805461e-03
4.863744690446969270e-03
3.079090353421333904e-03
3.126569952083286391e-03
2.479389726629962175e-03
3.407089493106684689e-03
2.214448036886621299e-03
6.172380008490319873e-04
1.627742974142853353e-03
2.964532154900730021e-03
2.360080759120641424e-03
6.995369573105300609e-03
2.603003143245946789e-03
5.281899902639181771e-03
2.650738430751290245e-03
1.763430613738096444e-03
5.980722769231945450e-03
2.888096552818796535e-03
1.320634364250303748e-03
4.266737409977178555e-03
3.075865089143741977e-03
1.692703659921231856e-03
2.176135295269189789e-03
8.497317669407096485e-03
2.284384874377152260e-03
1.580975079949046604e-03
1.917540870429096551e-03
1.749946471330582690e-03
6.296576593651921801e-03
2.735925273887194770e-03
2.839528240668318191e-03
2.305414540182130784e-03
1.796433214055599041e-03
1.240230539859466094e-03
2.519375013847924890e-03
2.970687332064940282e-03
2.075233151558999404e-03
2.722610731785585561e-03
5.565201207601177223e-03
2.498325218645528357e-03
2.266074255192272562e-03
1.301734315370753521e-02
3.777838361132020498e-03
1.970460878026850712e-03
2.425565230308848134e-03
1.890211337030942799e-03
3.882973807918203325e-03
1.106500796656032654e-03
1.927231709243465993e-03
5.274311131139028733e-03
3.976880239817043305e-03
7.746770729003058485e-03
2.071847228420995585e-03
2.516055592620929874e-03
3.119877127565647348e-03
2.656623782248810749e-03
2.804777649247225477e-03
1.956218645619031346e-03
5.462331707274645058e-03
2.181774355184649527e-03
2.994574306674053620e-03
5.056359261147222624e-03
2.345842936829147570e-03
5.991214856397190057e-03
1.020858547218556241e-02
3.815782667147154996e-03
1.808859147532903546e-03
1.214061087859366053e-03
2.854254340315776507e-03
2.171661223995579107e-03
2.805325772241364177e-03
8.072111149818030030e-04
5.797005109034413482e-03
3.944809552643526937e-03
9.335627341231214280e-03
3.562650227562715738e-03
6.335891836789755288e-03
3.793430984472476609e-03
2.779028082980486859e-03
3.979153109145631799e-03
2.503681908863584441e-03
1.737104487894561289e-03
1.635215129617804096e-03
3.702714368815623186e-03
3.241135486380729552e-03
3.104566792714152142e-03
4.794174316748382736e-03
4.862196759104049637e-03
1.624320729874873491e-03
2.153544660835153817e-03
8.924755283488886156e-04
1.636399696372671086e-03
5.134179322052562569e-03
4.272337868283047208e-03
3.895851569653460342e-03
2.703711500392806319e-03
6.978856714799815120e-03
3.030041398970259418e-03
3.287086289347136790e-03
2.629901595911919229e-03
2.482979849452856755e-03
6.628339081594775660e-03
3.426148981347264689e-03
4.527309976718947235e-03
5.834990662902306800e-03
1.124152171986424241e-03
3.555016704310826926e-03
2.396491197910919149e-03
2.754036255817215138e-03
6.145607411536789001e-03
3.064759769382479834e-03
4.254125925447661306e-03
5.926525180610573568e-03
4.716497719039090472e-03
1.428039425953807687e-03
1.361701546843333303e-03
2.734622296192000101e-03
3.322536971428076500e-03
3.363504826147839608e-03
1.727538547321164119e-03
9.904689869404494085e-03
3.643249874836672602e-03
1.967320641804699063e-03
1.341046482272185763e-03
1.642379938051910038e-03
1.796561634485588539e-03
1.215220980252146961e-03
2.848491394792507583e-03
8.633630642998234078e-04
2.103005474542833219e-03
6.480285796229541193e-03
3.023748397476604729e-03
2.488529570544125574e-03
4.881886025873126769e-03
2.155118173796773985e-03
1.385179613912897352e-03
1.322463817054019995e-03
5.972266681839149540e-04
1.846137297096666361e-03
3.161213295161967307e-03
7.718411985571297209e-04
2.329966182125513176e-03
2.931656941565075839e-03
4.800353725829521745e-03
2.579950255532198825e-03
6.770608624549353215e-03
3.327569064412394962e-03
2.354282484216966079e-03
3.794958543755758053e-03
3.185295949873086750e-03
2.922780236140344948e-03
2.544042961040552091e-03
3.971810897007994022e-03
6.931049209805941608e-03
8.383880977091814814e-04
1.120419424214188836e-03
3.282298862198854746e-03
4.002880802057683617e-03
4.440469282318059395e-03
7.073863019896035236e-04
3.217802340438242342e-03
1.948910408794816669e-03
6.356155075046812999e-03
3.782442774076192910e-03
1.130158517113304464e-03
2.303204499095400093e-03
3.766793750723629146e-03
2.601033522369282369e-03
7.878631865029319531e-03
2.911801292082588470e-03
3.683108307527914200e-03
1.721409878792666374e-03
5.045373445216179593e-03
9.362610432105242589e-03
3.401740565199833002e-03
6.562534995169961270e-03
4.379121607324932240e-03
6.178650014121211086e-03
2.484275574614281702e-03
5.679677428440118615e-03
3.544736086681471183e-03
4.074271379902653575e-03
5.577347890499090993e-03
5.382979162474254078e-03
7.729923488735816230e-04
5.032404516576017076e-03
3.215477941880516295e-03
4.728022113599569115e-03
3.847967185857188895e-03
5.437300788147819523e-03
5.194588063735541134e-03
5.713158655991130638e-03
9.494613600038054671e-03
4.709670541598810940e-03
2.516376628214336310e-03
2.076536179072468145e-03
4.313302077209874540e-03
5.539189700825924122e-03
5.808170582086249513e-03
1.091367211241451836e-03
2.761559337716077561e-03
4.129370653443533920e-03
3.126996791010638443e-03
2.131872896313610939e-03
2.931968429655088925e-03
2.345384215562964884e-03
4.948650590474461611e-03
4.696245619730522042e-03
5.193214645106448112e-03
2.506337975937331358e-03
8.271840730698951788e-03
4.153620723888164050e-03
3.366449203639416618e-03
2.966392095722318080e-03
5.707962182253704768e-03
5.320011996561064063e-03
5.459215302028920871e-03
4.579750364666418209e-03
6.916933373035711805e-03
2.629319144703432583e-03
2.501504219055119410e-03
6.547059045409410645e-03
9.450909927237637759e-03
1.068490949080071369e-02
3.383028448219664239e-03
2.443974043451131381e-03
5.135890420489009657e-03
2.170288989201299684e-03
6.337382846862852324e-03
5.731383237811501878e-03
1.601394174734983552e-03
4.627778541623137759e-03
3.116888420079305493e-03
3.006855058730422119e-03
1.555581487674181050e-02
2.018037570127295070e-03
5.896020546386489085e-03
6.929884939982702656e-03
1.837385718253389897e-03
3.558702973320329241e-03
4.117656302738471365e-03
3.342051501577133956e-03
7.185358853175091536e-03
2.090386961005026491e-03
6.190924839553725578e-03
6.297374518459967346e-03
2.809392812348303174e-03
2.437183782293272580e-03
5.296627046884429431e-03
2.540113680195750078e-03
6.057812557187282516e-03
2.544977203891869450e-03
7.105528262256495878e-03
1.095366764356426985e-02
2.749651881919401315e-03
6.174270822279764176e-03
1.326883126560414114e-03
9.441686920851817891e-03
4.452293071612503650e-03
4.414373093098033704e-03
3.930101654908939660e-03
4.605747081077748127e-03
5.683734660127044355e-03
2.105001686535744061e-03
6.152342790757522710e-03
2.092999141574764833e-03
1.315233914531855263e-03
2.583260061272676152e-03
1.074725146250032730e-02
2.942096641996815899e-03
1.714226772713400761e-03
3.774554864110940197e-03
6.420519822025049124e-03
5.456135984685858004e-03
3.141198794849740274e-03
3.559906030099761927e-03
2.964366893048091603e-03
4.973366307886734235e-03
4.804564283487365410e-03
7.259357293488461101e-03
6.768270450796887508e-03
4.661887812674023537e-03
5.447089415336722924e-03
6.390521044944187830e-03
5.037215946495319022e-03
4.885233234220030633e-03
8.408317529235778687e-03
2.218381070127990393e-03
1.079767684594212188e-03
3.775905845386489518e-03
3.505447591228237885e-03
4.611805866233388042e-03
3.404177758405858498e-03
4.322355640381513389e-03
6.012094767278066548e-03
2.671957542913473704e-03
5.371096901684835855e-03
6.175546825143542543e-03
2.210009489877021952e-03
3.206761734154700821e-03
1.253263509286890558e-03
5.246785004600381178e-03
9.441601972940284748e-03
4.155821598692153659e-03
1.192828255363007376e-03
2.790303606565031763e-03
3.833210429225583117e-03
5.396802297753163294e-03
1.380005714530717267e-03
3.688313933407922057e-03
1.100081551389739138e-03
5.019787176380764541e-03
6.092241472534709254e-03
2.614886124502230867e-03
3.793592916397703525e-03
7.740255184124960643e-03
5.031190086328454422e-03
1.107106217068313560e-02
2.456691385349536131e-03
2.229197061014475626e-03
4.480603220108195228e-03
2.146947250309914901e-03
9.792510468144131897e-03
2.046642960483356470e-03
7.337124069484885283e-03
5.674329227130310745e-03
7.313073969705137164e-03
2.693503830035804715e-03
6.971329524898066052e-03
4.054516037190427150e-03
2.735863127144195182e-03
2.432461795010875186e-03
4.765110895714201079e-03
3.176708212363527680e-03
1.457045750880051407e-03
2.949450960082887051e-03
3.167720004789815417e-03
2.705381207697351697e-03
5.691670594224236893e-03
5.253806756576755860e-03
6.318273813723417759e-03
7.573726100527763440e-03
4.351854191146377858e-03
1.946735981246051211e-03
4.172345757841674010e-03
3.642593276497879673e-03
9.297868870083973334e-04
4.067454729545537558e-03
3.651012713926884545e-03
1.855606432447165846e-03
4.469788981631379193e-03
4.006367648119625938e-03
3.028210997081361849e-03
6.888761172388659093e-03
2.588931698091574175e-03
6.079753327648157978e-03
7.807126371566534655e-03
2.924244779724331864e-03
2.966696122939262506e-03
2.251727556294630828e-03
4.284520299734418704e-03
4.435504573508604158e-03
3.397517890944055582e-03
3.773539619725220159e-03
1.669472085070529150e-03
4.703583249248520157e-03
4.544281939177691187e-03
3.067077809472894181e-03
4.796284645476127026e-03
2.916165835428240986e-03
3.348231788673358082e-03
2.592144964040617085e-03
3.019301264595702829e-03
